3131
3132
3133
3232
3333
3141
3142
3144
3241
3242
3244
3343
3151
3152
3251
3252
3254
3351
3353
3161
3162
3163
3164
3166
3262
3264
3266
3361
3362 (32, 417, 405)
3363
3366
3171
3172
3272
3274
3371
3373
3182
3184
3188
3282
3284
3288
3382 (1064)
3383
3386
3193
3196
3292
3294
3393
31104
32104
32108
33106
32114
31124
31126
31128
32124
32126
32128
33126
311212
321212
31168
32168
32188
311812
312412
322412
4141
4142
4144
4242
4244
4343
4444
4151
4152
4251
4252
4254
4353
4451
4452
4454
4162
4164
4166
4262
4263 (380)
4264
4266
4363
4366
4461
4462
4464
4272
4274
4373
4472
4474
4188
4282
4284
4288
4383
4386
4484
4294
4296
42104
42108
43106
42126
42128
411212
421212
421812
5151
5252
5254
5353
5454
5166
5262
5264
5266
5363
5366
5464
5373
5474
5288
5386
521212
6166
6262
6264
6266
6366
6464













